n,pts_time,fps,frame_idx
0,0.0,25.0,1.0
1,1.0,25.0,26.0
2,2.0,25.0,51.0
3,3.0,25.0,76.0
4,4.0,25.0,101.0
5,5.0,25.0,126.0
6,6.0,25.0,151.0
7,7.0,25.0,176.0
8,8.0,25.0,201.0
9,9.0,25.0,226.0
10,10.0,25.0,251.0
11,11.0,25.0,276.0
12,12.0,25.0,301.0
13,13.0,25.0,326.0
14,14.0,25.0,351.0
15,15.0,25.0,376.0
16,16.0,25.0,401.0
17,17.0,25.0,426.0
18,18.0,25.0,451.0
19,19.0,25.0,476.0
20,20.0,25.0,501.0
21,21.0,25.0,526.0
22,22.0,25.0,551.0
23,23.0,25.0,576.0
24,24.0,25.0,601.0
25,25.0,25.0,626.0
26,26.0,25.0,651.0
27,27.0,25.0,676.0
28,28.0,25.0,701.0
29,29.0,25.0,726.0
30,30.0,25.0,751.0
31,31.0,25.0,776.0
32,32.0,25.0,801.0
33,33.0,25.0,826.0
34,34.0,25.0,851.0
35,35.0,25.0,876.0
36,36.0,25.0,901.0
37,37.0,25.0,926.0
38,38.0,25.0,951.0
39,39.0,25.0,976.0
40,40.0,25.0,1001.0
41,41.0,25.0,1026.0
42,42.0,25.0,1051.0
43,43.0,25.0,1076.0
44,44.0,25.0,1101.0
45,45.0,25.0,1126.0
46,46.0,25.0,1151.0
47,47.0,25.0,1176.0
48,48.0,25.0,1201.0
49,49.0,25.0,1226.0
50,50.0,25.0,1251.0
51,51.0,25.0,1276.0
52,52.0,25.0,1301.0
53,53.0,25.0,1326.0
54,54.0,25.0,1351.0
55,55.0,25.0,1376.0
56,56.0,25.0,1401.0
57,57.0,25.0,1426.0
58,58.0,25.0,1451.0
59,59.0,25.0,1476.0
60,60.0,25.0,1501.0
61,61.0,25.0,1526.0
62,62.0,25.0,1551.0
63,63.0,25.0,1576.0
64,64.0,25.0,1601.0
65,65.0,25.0,1626.0
66,66.0,25.0,1651.0
67,67.0,25.0,1676.0
68,68.0,25.0,1701.0
69,69.0,25.0,1726.0
70,70.0,25.0,1751.0
71,71.0,25.0,1776.0
72,72.0,25.0,1801.0
73,73.0,25.0,1826.0
74,74.0,25.0,1851.0
75,75.0,25.0,1876.0
76,76.0,25.0,1901.0
77,77.0,25.0,1926.0
78,78.0,25.0,1951.0
79,79.0,25.0,1976.0
80,80.0,25.0,2001.0
81,81.0,25.0,2026.0
82,82.0,25.0,2051.0
83,83.0,25.0,2076.0
84,84.0,25.0,2101.0
85,85.0,25.0,2126.0
86,86.0,25.0,2151.0
87,87.0,25.0,2176.0
88,88.0,25.0,2201.0
89,89.0,25.0,2226.0
90,90.0,25.0,2251.0
91,91.0,25.0,2276.0
92,92.0,25.0,2301.0
93,93.0,25.0,2326.0
94,94.0,25.0,2351.0
95,95.0,25.0,2376.0
96,96.0,25.0,2401.0
97,97.0,25.0,2426.0
98,98.0,25.0,2451.0
99,99.0,25.0,2476.0
100,100.0,25.0,2501.0
101,101.0,25.0,2526.0
102,102.0,25.0,2551.0
103,103.0,25.0,2576.0
104,104.0,25.0,2601.0
105,105.0,25.0,2626.0
106,106.0,25.0,2651.0
107,107.0,25.0,2676.0
108,108.0,25.0,2701.0
109,109.0,25.0,2726.0
110,110.0,25.0,2751.0
111,111.0,25.0,2776.0
112,112.0,25.0,2801.0
113,113.0,25.0,2826.0
114,114.0,25.0,2851.0
115,115.0,25.0,2876.0
116,116.0,25.0,2901.0
117,117.0,25.0,2926.0
118,118.0,25.0,2951.0
119,119.0,25.0,2976.0
120,120.0,25.0,3001.0
121,121.0,25.0,3026.0
122,122.0,25.0,3051.0
123,123.0,25.0,3076.0
124,124.0,25.0,3101.0
125,125.0,25.0,3126.0
126,126.0,25.0,3151.0
127,127.0,25.0,3176.0
128,128.0,25.0,3201.0
129,129.0,25.0,3226.0
130,130.0,25.0,3251.0
131,131.0,25.0,3276.0
132,132.0,25.0,3301.0
133,133.0,25.0,3326.0
134,134.0,25.0,3351.0
135,135.0,25.0,3376.0
136,136.0,25.0,3401.0
137,137.0,25.0,3426.0
138,138.0,25.0,3451.0
139,139.0,25.0,3476.0
140,140.0,25.0,3501.0
141,141.0,25.0,3526.0
142,142.0,25.0,3551.0
143,143.0,25.0,3576.0
144,144.0,25.0,3601.0
145,145.0,25.0,3626.0
146,146.0,25.0,3651.0
147,147.0,25.0,3676.0
148,148.0,25.0,3701.0
149,149.0,25.0,3726.0
150,150.0,25.0,3751.0
151,151.0,25.0,3776.0
152,152.0,25.0,3801.0
153,153.0,25.0,3826.0
154,154.0,25.0,3851.0
155,155.0,25.0,3876.0
156,156.0,25.0,3901.0
157,157.0,25.0,3926.0
158,158.0,25.0,3951.0
159,159.0,25.0,3976.0
160,160.0,25.0,4001.0
161,161.0,25.0,4026.0
162,162.0,25.0,4051.0
163,163.0,25.0,4076.0
164,164.0,25.0,4101.0
165,165.0,25.0,4126.0
166,166.0,25.0,4151.0
167,167.0,25.0,4176.0
168,168.0,25.0,4201.0
169,169.0,25.0,4226.0
170,170.0,25.0,4251.0
171,171.0,25.0,4276.0
172,172.0,25.0,4301.0
173,173.0,25.0,4326.0
174,174.0,25.0,4351.0
175,175.0,25.0,4376.0
176,176.0,25.0,4401.0
177,177.0,25.0,4426.0
178,178.0,25.0,4451.0
179,179.0,25.0,4476.0
180,180.0,25.0,4501.0
181,181.0,25.0,4526.0
182,182.0,25.0,4551.0
183,183.0,25.0,4576.0
184,184.0,25.0,4601.0
185,185.0,25.0,4626.0
186,186.0,25.0,4651.0
187,187.0,25.0,4676.0
188,188.0,25.0,4701.0
189,189.0,25.0,4726.0
190,190.0,25.0,4751.0
191,191.0,25.0,4776.0
192,192.0,25.0,4801.0
193,193.0,25.0,4826.0
194,194.0,25.0,4851.0
195,195.0,25.0,4876.0
196,196.0,25.0,4901.0
197,197.0,25.0,4926.0
198,198.0,25.0,4951.0
199,199.0,25.0,4976.0
200,200.0,25.0,5001.0
201,201.0,25.0,5026.0
202,202.0,25.0,5051.0
203,203.0,25.0,5076.0
204,204.0,25.0,5101.0
205,205.0,25.0,5126.0
206,206.0,25.0,5151.0
207,207.0,25.0,5176.0
208,208.0,25.0,5201.0
209,209.0,25.0,5226.0
210,210.0,25.0,5251.0
211,211.0,25.0,5276.0
212,212.0,25.0,5301.0
213,213.0,25.0,5326.0
214,214.0,25.0,5351.0
215,215.0,25.0,5376.0
216,216.0,25.0,5401.0
217,217.0,25.0,5426.0
218,218.0,25.0,5451.0
219,219.0,25.0,5476.0
220,220.0,25.0,5501.0
221,221.0,25.0,5526.0
222,222.0,25.0,5551.0
223,223.0,25.0,5576.0
224,224.0,25.0,5601.0
225,225.0,25.0,5626.0
226,226.0,25.0,5651.0
227,227.0,25.0,5676.0
228,228.0,25.0,5701.0
229,229.0,25.0,5726.0
230,230.0,25.0,5751.0
231,231.0,25.0,5776.0
232,232.0,25.0,5801.0
233,233.0,25.0,5826.0
234,234.0,25.0,5851.0
235,235.0,25.0,5876.0
236,236.0,25.0,5901.0
237,237.0,25.0,5926.0
238,238.0,25.0,5951.0
239,239.0,25.0,5976.0
240,240.0,25.0,6001.0
241,241.0,25.0,6026.0
242,242.0,25.0,6051.0
243,243.0,25.0,6076.0
244,244.0,25.0,6101.0
245,245.0,25.0,6126.0
246,246.0,25.0,6151.0
247,247.0,25.0,6176.0
248,248.0,25.0,6201.0
249,249.0,25.0,6226.0
250,250.0,25.0,6251.0
251,251.0,25.0,6276.0
252,252.0,25.0,6301.0
253,253.0,25.0,6326.0
254,254.0,25.0,6351.0
255,255.0,25.0,6376.0
256,256.0,25.0,6401.0
257,257.0,25.0,6426.0
258,258.0,25.0,6451.0
259,259.0,25.0,6476.0
260,260.0,25.0,6501.0
261,261.0,25.0,6526.0
262,262.0,25.0,6551.0
263,263.0,25.0,6576.0
264,264.0,25.0,6601.0
265,265.0,25.0,6626.0
266,266.0,25.0,6651.0
267,267.0,25.0,6676.0
268,268.0,25.0,6701.0
269,269.0,25.0,6726.0
270,270.0,25.0,6751.0
271,271.0,25.0,6776.0
272,272.0,25.0,6801.0
273,273.0,25.0,6826.0
274,274.0,25.0,6851.0
275,275.0,25.0,6876.0
276,276.0,25.0,6901.0
277,277.0,25.0,6926.0
278,278.0,25.0,6951.0
279,279.0,25.0,6976.0
280,280.0,25.0,7001.0
281,281.0,25.0,7026.0
282,282.0,25.0,7051.0
283,283.0,25.0,7076.0
284,284.0,25.0,7101.0
285,285.0,25.0,7126.0
286,286.0,25.0,7151.0
287,287.0,25.0,7176.0
288,288.0,25.0,7201.0
289,289.0,25.0,7226.0
290,290.0,25.0,7251.0
291,291.0,25.0,7276.0
292,292.0,25.0,7301.0
293,293.0,25.0,7326.0
294,294.0,25.0,7351.0
295,295.0,25.0,7376.0
296,296.0,25.0,7401.0
297,297.0,25.0,7426.0
298,298.0,25.0,7451.0
299,299.0,25.0,7476.0
300,300.0,25.0,7501.0
301,301.0,25.0,7526.0
302,302.0,25.0,7551.0
303,303.0,25.0,7576.0
304,304.0,25.0,7601.0
305,305.0,25.0,7626.0
306,306.0,25.0,7651.0
307,307.0,25.0,7676.0
308,308.0,25.0,7701.0
309,309.0,25.0,7726.0
310,310.0,25.0,7751.0
311,311.0,25.0,7776.0
312,312.0,25.0,7801.0
313,313.0,25.0,7826.0
314,314.0,25.0,7851.0
315,315.0,25.0,7876.0
316,316.0,25.0,7901.0
317,317.0,25.0,7926.0
318,318.0,25.0,7951.0
319,319.0,25.0,7976.0
320,320.0,25.0,8001.0
321,321.0,25.0,8026.0
322,322.0,25.0,8051.0
323,323.0,25.0,8076.0
324,324.0,25.0,8101.0
325,325.0,25.0,8126.0
326,326.0,25.0,8151.0
327,327.0,25.0,8176.0
328,328.0,25.0,8201.0
329,329.0,25.0,8226.0
330,330.0,25.0,8251.0
331,331.0,25.0,8276.0
332,332.0,25.0,8301.0
333,333.0,25.0,8326.0
334,334.0,25.0,8351.0
335,335.0,25.0,8376.0
336,336.0,25.0,8401.0
337,337.0,25.0,8426.0
338,338.0,25.0,8451.0
339,339.0,25.0,8476.0
340,340.0,25.0,8501.0
341,341.0,25.0,8526.0
342,342.0,25.0,8551.0
343,343.0,25.0,8576.0
344,344.0,25.0,8601.0
345,345.0,25.0,8626.0
346,346.0,25.0,8651.0
347,347.0,25.0,8676.0
348,348.0,25.0,8701.0
349,349.0,25.0,8726.0
350,350.0,25.0,8751.0
351,351.0,25.0,8776.0
352,352.0,25.0,8801.0
353,353.0,25.0,8826.0
354,354.0,25.0,8851.0
355,355.0,25.0,8876.0
356,356.0,25.0,8901.0
357,357.0,25.0,8926.0
358,358.0,25.0,8951.0
359,359.0,25.0,8976.0
360,360.0,25.0,9001.0
361,361.0,25.0,9026.0
362,362.0,25.0,9051.0
363,363.0,25.0,9076.0
364,364.0,25.0,9101.0
365,365.0,25.0,9126.0
366,366.0,25.0,9151.0
367,367.0,25.0,9176.0
368,368.0,25.0,9201.0
369,369.0,25.0,9226.0
370,370.0,25.0,9251.0
371,371.0,25.0,9276.0
372,372.0,25.0,9301.0
373,373.0,25.0,9326.0
374,374.0,25.0,9351.0
375,375.0,25.0,9376.0
376,376.0,25.0,9401.0
377,377.0,25.0,9426.0
378,378.0,25.0,9451.0
379,379.0,25.0,9476.0
380,380.0,25.0,9501.0
381,381.0,25.0,9526.0
382,382.0,25.0,9551.0
383,383.0,25.0,9576.0
384,384.0,25.0,9601.0
385,385.0,25.0,9626.0
386,386.0,25.0,9651.0
387,387.0,25.0,9676.0
388,388.0,25.0,9701.0
389,389.0,25.0,9726.0
390,390.0,25.0,9751.0
391,391.0,25.0,9776.0
392,392.0,25.0,9801.0
393,393.0,25.0,9826.0
394,394.0,25.0,9851.0
395,395.0,25.0,9876.0
396,396.0,25.0,9901.0
397,397.0,25.0,9926.0
398,398.0,25.0,9951.0
399,399.0,25.0,9976.0
400,400.0,25.0,10001.0
401,401.0,25.0,10026.0
402,402.0,25.0,10051.0
403,403.0,25.0,10076.0
404,404.0,25.0,10101.0
405,405.0,25.0,10126.0
406,406.0,25.0,10151.0
407,407.0,25.0,10176.0
408,408.0,25.0,10201.0
409,409.0,25.0,10226.0
410,410.0,25.0,10251.0
411,411.0,25.0,10276.0
412,412.0,25.0,10301.0
413,413.0,25.0,10326.0
414,414.0,25.0,10351.0
415,415.0,25.0,10376.0
416,416.0,25.0,10401.0
417,417.0,25.0,10426.0
418,418.0,25.0,10451.0
419,419.0,25.0,10476.0
420,420.0,25.0,10501.0
421,421.0,25.0,10526.0
422,422.0,25.0,10551.0
423,423.0,25.0,10576.0
424,424.0,25.0,10601.0
425,425.0,25.0,10626.0
426,426.0,25.0,10651.0
427,427.0,25.0,10676.0
428,428.0,25.0,10701.0
429,429.0,25.0,10726.0
430,430.0,25.0,10751.0
431,431.0,25.0,10776.0
432,432.0,25.0,10801.0
433,433.0,25.0,10826.0
434,434.0,25.0,10851.0
435,435.0,25.0,10876.0
436,436.0,25.0,10901.0
437,437.0,25.0,10926.0
438,438.0,25.0,10951.0
439,439.0,25.0,10976.0
440,440.0,25.0,11001.0
441,441.0,25.0,11026.0
442,442.0,25.0,11051.0
443,443.0,25.0,11076.0
444,444.0,25.0,11101.0
445,445.0,25.0,11126.0
446,446.0,25.0,11151.0
447,447.0,25.0,11176.0
448,448.0,25.0,11201.0
449,449.0,25.0,11226.0
450,450.0,25.0,11251.0
451,451.0,25.0,11276.0
452,452.0,25.0,11301.0
453,453.0,25.0,11326.0
454,454.0,25.0,11351.0
455,455.0,25.0,11376.0
456,456.0,25.0,11401.0
457,457.0,25.0,11426.0
458,458.0,25.0,11451.0
459,459.0,25.0,11476.0
460,460.0,25.0,11501.0
461,461.0,25.0,11526.0
462,462.0,25.0,11551.0
463,463.0,25.0,11576.0
464,464.0,25.0,11601.0
465,465.0,25.0,11626.0
466,466.0,25.0,11651.0
467,467.0,25.0,11676.0
468,468.0,25.0,11701.0
469,469.0,25.0,11726.0
470,470.0,25.0,11751.0
471,471.0,25.0,11776.0
472,472.0,25.0,11801.0
473,473.0,25.0,11826.0
474,474.0,25.0,11851.0
475,475.0,25.0,11876.0
476,476.0,25.0,11901.0
477,477.0,25.0,11926.0
478,478.0,25.0,11951.0
479,479.0,25.0,11976.0
480,480.0,25.0,12001.0
481,481.0,25.0,12026.0
482,482.0,25.0,12051.0
483,483.0,25.0,12076.0
484,484.0,25.0,12101.0
485,485.0,25.0,12126.0
486,486.0,25.0,12151.0
487,487.0,25.0,12176.0
488,488.0,25.0,12201.0
489,489.0,25.0,12226.0
490,490.0,25.0,12251.0
491,491.0,25.0,12276.0
492,492.0,25.0,12301.0
493,493.0,25.0,12326.0
494,494.0,25.0,12351.0
495,495.0,25.0,12376.0
496,496.0,25.0,12401.0
497,497.0,25.0,12426.0
498,498.0,25.0,12451.0
499,499.0,25.0,12476.0
500,500.0,25.0,12501.0
501,501.0,25.0,12526.0
502,502.0,25.0,12551.0
503,503.0,25.0,12576.0
504,504.0,25.0,12601.0
505,505.0,25.0,12626.0
506,506.0,25.0,12651.0
507,507.0,25.0,12676.0
508,508.0,25.0,12701.0
509,509.0,25.0,12726.0
510,510.0,25.0,12751.0
511,511.0,25.0,12776.0
512,512.0,25.0,12801.0
513,513.0,25.0,12826.0
514,514.0,25.0,12851.0
515,515.0,25.0,12876.0
516,516.0,25.0,12901.0
517,517.0,25.0,12926.0
518,518.0,25.0,12951.0
519,519.0,25.0,12976.0
520,520.0,25.0,13001.0
521,521.0,25.0,13026.0
522,522.0,25.0,13051.0
523,523.0,25.0,13076.0
524,524.0,25.0,13101.0
525,525.0,25.0,13126.0
526,526.0,25.0,13151.0
527,527.0,25.0,13176.0
528,528.0,25.0,13201.0
529,529.0,25.0,13226.0
530,530.0,25.0,13251.0
531,531.0,25.0,13276.0
532,532.0,25.0,13301.0
533,533.0,25.0,13326.0
534,534.0,25.0,13351.0
535,535.0,25.0,13376.0
536,536.0,25.0,13401.0
537,537.0,25.0,13426.0
538,538.0,25.0,13451.0
539,539.0,25.0,13476.0
540,540.0,25.0,13501.0
541,541.0,25.0,13526.0
542,542.0,25.0,13551.0
543,543.0,25.0,13576.0
544,544.0,25.0,13601.0
545,545.0,25.0,13626.0
546,546.0,25.0,13651.0
547,547.0,25.0,13676.0
548,548.0,25.0,13701.0
549,549.0,25.0,13726.0
550,550.0,25.0,13751.0
551,551.0,25.0,13776.0
552,552.0,25.0,13801.0
553,553.0,25.0,13826.0
554,554.0,25.0,13851.0
555,555.0,25.0,13876.0
556,556.0,25.0,13901.0
557,557.0,25.0,13926.0
558,558.0,25.0,13951.0
559,559.0,25.0,13976.0
560,560.0,25.0,14001.0
561,561.0,25.0,14026.0
562,562.0,25.0,14051.0
563,563.0,25.0,14076.0
564,564.0,25.0,14101.0
565,565.0,25.0,14126.0
566,566.0,25.0,14151.0
567,567.0,25.0,14176.0
568,568.0,25.0,14201.0
569,569.0,25.0,14226.0
570,570.0,25.0,14251.0
571,571.0,25.0,14276.0
572,572.0,25.0,14301.0
573,573.0,25.0,14326.0
574,574.0,25.0,14351.0
575,575.0,25.0,14376.0
576,576.0,25.0,14401.0
577,577.0,25.0,14426.0
578,578.0,25.0,14451.0
579,579.0,25.0,14476.0
580,580.0,25.0,14501.0
581,581.0,25.0,14526.0
582,582.0,25.0,14551.0
583,583.0,25.0,14576.0
584,584.0,25.0,14601.0
585,585.0,25.0,14626.0
586,586.0,25.0,14651.0
587,587.0,25.0,14676.0
588,588.0,25.0,14701.0
589,589.0,25.0,14726.0
590,590.0,25.0,14751.0
591,591.0,25.0,14776.0
592,592.0,25.0,14801.0
593,593.0,25.0,14826.0
594,594.0,25.0,14851.0
595,595.0,25.0,14876.0
596,596.0,25.0,14901.0
597,597.0,25.0,14926.0
598,598.0,25.0,14951.0
599,599.0,25.0,14976.0
600,600.0,25.0,15001.0
601,601.0,25.0,15026.0
602,602.0,25.0,15051.0
603,603.0,25.0,15076.0
604,604.0,25.0,15101.0
605,605.0,25.0,15126.0
606,606.0,25.0,15151.0
607,607.0,25.0,15176.0
608,608.0,25.0,15201.0
609,609.0,25.0,15226.0
610,610.0,25.0,15251.0
611,611.0,25.0,15276.0
612,612.0,25.0,15301.0
613,613.0,25.0,15326.0
614,614.0,25.0,15351.0
615,615.0,25.0,15376.0
616,616.0,25.0,15401.0
617,617.0,25.0,15426.0
618,618.0,25.0,15451.0
619,619.0,25.0,15476.0
620,620.0,25.0,15501.0
621,621.0,25.0,15526.0
622,622.0,25.0,15551.0
623,623.0,25.0,15576.0
624,624.0,25.0,15601.0
625,625.0,25.0,15626.0
626,626.0,25.0,15651.0
627,627.0,25.0,15676.0
628,628.0,25.0,15701.0
629,629.0,25.0,15726.0
630,630.0,25.0,15751.0
631,631.0,25.0,15776.0
632,632.0,25.0,15801.0
633,633.0,25.0,15826.0
634,634.0,25.0,15851.0
635,635.0,25.0,15876.0
636,636.0,25.0,15901.0
637,637.0,25.0,15926.0
638,638.0,25.0,15951.0
639,639.0,25.0,15976.0
640,640.0,25.0,16001.0
641,641.0,25.0,16026.0
642,642.0,25.0,16051.0
643,643.0,25.0,16076.0
644,644.0,25.0,16101.0
645,645.0,25.0,16126.0
646,646.0,25.0,16151.0
647,647.0,25.0,16176.0
648,648.0,25.0,16201.0
649,649.0,25.0,16226.0
650,650.0,25.0,16251.0
651,651.0,25.0,16276.0
652,652.0,25.0,16301.0
653,653.0,25.0,16326.0
654,654.0,25.0,16351.0
655,655.0,25.0,16376.0
656,656.0,25.0,16401.0
657,657.0,25.0,16426.0
658,658.0,25.0,16451.0
659,659.0,25.0,16476.0
660,660.0,25.0,16501.0
661,661.0,25.0,16526.0
662,662.0,25.0,16551.0
663,663.0,25.0,16576.0
664,664.0,25.0,16601.0
665,665.0,25.0,16626.0
666,666.0,25.0,16651.0
667,667.0,25.0,16676.0
668,668.0,25.0,16701.0
669,669.0,25.0,16726.0
670,670.0,25.0,16751.0
671,671.0,25.0,16776.0
672,672.0,25.0,16801.0
673,673.0,25.0,16826.0
674,674.0,25.0,16851.0
675,675.0,25.0,16876.0
676,676.0,25.0,16901.0
677,677.0,25.0,16926.0
678,678.0,25.0,16951.0
679,679.0,25.0,16976.0
680,680.0,25.0,17001.0
681,681.0,25.0,17026.0
682,682.0,25.0,17051.0
683,683.0,25.0,17076.0
684,684.0,25.0,17101.0
685,685.0,25.0,17126.0
686,686.0,25.0,17151.0
687,687.0,25.0,17176.0
688,688.0,25.0,17201.0
689,689.0,25.0,17226.0
690,690.0,25.0,17251.0
691,691.0,25.0,17276.0
692,692.0,25.0,17301.0
693,693.0,25.0,17326.0
694,694.0,25.0,17351.0
695,695.0,25.0,17376.0
696,696.0,25.0,17401.0
697,697.0,25.0,17426.0
698,698.0,25.0,17451.0
699,699.0,25.0,17476.0
700,700.0,25.0,17501.0
701,701.0,25.0,17526.0
702,702.0,25.0,17551.0
703,703.0,25.0,17576.0
704,704.0,25.0,17601.0
705,705.0,25.0,17626.0
706,706.0,25.0,17651.0
707,707.0,25.0,17676.0
708,708.0,25.0,17701.0
709,709.0,25.0,17726.0
710,710.0,25.0,17751.0
711,711.0,25.0,17776.0
712,712.0,25.0,17801.0
713,713.0,25.0,17826.0
714,714.0,25.0,17851.0
715,715.0,25.0,17876.0
716,716.0,25.0,17901.0
717,717.0,25.0,17926.0
718,718.0,25.0,17951.0
719,719.0,25.0,17976.0
720,720.0,25.0,18001.0
721,721.0,25.0,18026.0
722,722.0,25.0,18051.0
723,723.0,25.0,18076.0
724,724.0,25.0,18101.0
725,725.0,25.0,18126.0
726,726.0,25.0,18151.0
727,727.0,25.0,18176.0
728,728.0,25.0,18201.0
729,729.0,25.0,18226.0
730,730.0,25.0,18251.0
731,731.0,25.0,18276.0
732,732.0,25.0,18301.0
733,733.0,25.0,18326.0
734,734.0,25.0,18351.0
735,735.0,25.0,18376.0
736,736.0,25.0,18401.0
737,737.0,25.0,18426.0
738,738.0,25.0,18451.0
739,739.0,25.0,18476.0
740,740.0,25.0,18501.0
741,741.0,25.0,18526.0
742,742.0,25.0,18551.0
743,743.0,25.0,18576.0
744,744.0,25.0,18601.0
745,745.0,25.0,18626.0
746,746.0,25.0,18651.0
747,747.0,25.0,18676.0
748,748.0,25.0,18701.0
749,749.0,25.0,18726.0
750,750.0,25.0,18751.0
751,751.0,25.0,18776.0
752,752.0,25.0,18801.0
753,753.0,25.0,18826.0
754,754.0,25.0,18851.0
755,755.0,25.0,18876.0
756,756.0,25.0,18901.0
757,757.0,25.0,18926.0
758,758.0,25.0,18951.0
759,759.0,25.0,18976.0
760,760.0,25.0,19001.0
761,761.0,25.0,19026.0
762,762.0,25.0,19051.0
763,763.0,25.0,19076.0
764,764.0,25.0,19101.0
765,765.0,25.0,19126.0
766,766.0,25.0,19151.0
767,767.0,25.0,19176.0
768,768.0,25.0,19201.0
769,769.0,25.0,19226.0
770,770.0,25.0,19251.0
771,771.0,25.0,19276.0
772,772.0,25.0,19301.0
773,773.0,25.0,19326.0
774,774.0,25.0,19351.0
775,775.0,25.0,19376.0
776,776.0,25.0,19401.0
777,777.0,25.0,19426.0
778,778.0,25.0,19451.0
779,779.0,25.0,19476.0
780,780.0,25.0,19501.0
781,781.0,25.0,19526.0
782,782.0,25.0,19551.0
783,783.0,25.0,19576.0
784,784.0,25.0,19601.0
785,785.0,25.0,19626.0
786,786.0,25.0,19651.0
787,787.0,25.0,19676.0
788,788.0,25.0,19701.0
789,789.0,25.0,19726.0
790,790.0,25.0,19751.0
791,791.0,25.0,19776.0
792,792.0,25.0,19801.0
793,793.0,25.0,19826.0
794,794.0,25.0,19851.0
795,795.0,25.0,19876.0
796,796.0,25.0,19901.0
797,797.0,25.0,19926.0
798,798.0,25.0,19951.0
799,799.0,25.0,19976.0
800,800.0,25.0,20001.0
801,801.0,25.0,20026.0
802,802.0,25.0,20051.0
803,803.0,25.0,20076.0
804,804.0,25.0,20101.0
805,805.0,25.0,20126.0
806,806.0,25.0,20151.0
807,807.0,25.0,20176.0
808,808.0,25.0,20201.0
809,809.0,25.0,20226.0
810,810.0,25.0,20251.0
811,811.0,25.0,20276.0
812,812.0,25.0,20301.0
813,813.0,25.0,20326.0
814,814.0,25.0,20351.0
815,815.0,25.0,20376.0
816,816.0,25.0,20401.0
817,817.0,25.0,20426.0
818,818.0,25.0,20451.0
819,819.0,25.0,20476.0
820,820.0,25.0,20501.0
821,821.0,25.0,20526.0
822,822.0,25.0,20551.0
823,823.0,25.0,20576.0
824,824.0,25.0,20601.0
825,825.0,25.0,20626.0
826,826.0,25.0,20651.0
827,827.0,25.0,20676.0
828,828.0,25.0,20701.0
829,829.0,25.0,20726.0
830,830.0,25.0,20751.0
831,831.0,25.0,20776.0
832,832.0,25.0,20801.0
833,833.0,25.0,20826.0
834,834.0,25.0,20851.0
835,835.0,25.0,20876.0
836,836.0,25.0,20901.0
837,837.0,25.0,20926.0
838,838.0,25.0,20951.0
839,839.0,25.0,20976.0
840,840.0,25.0,21001.0
841,841.0,25.0,21026.0
842,842.0,25.0,21051.0
843,843.0,25.0,21076.0
844,844.0,25.0,21101.0
845,845.0,25.0,21126.0
846,846.0,25.0,21151.0
847,847.0,25.0,21176.0
848,848.0,25.0,21201.0
849,849.0,25.0,21226.0
850,850.0,25.0,21251.0
851,851.0,25.0,21276.0
852,852.0,25.0,21301.0
853,853.0,25.0,21326.0
854,854.0,25.0,21351.0
855,855.0,25.0,21376.0
856,856.0,25.0,21401.0
857,857.0,25.0,21426.0
858,858.0,25.0,21451.0
859,859.0,25.0,21476.0
860,860.0,25.0,21501.0
861,861.0,25.0,21526.0
862,862.0,25.0,21551.0
863,863.0,25.0,21576.0
864,864.0,25.0,21601.0
865,865.0,25.0,21626.0
866,866.0,25.0,21651.0
867,867.0,25.0,21676.0
868,868.0,25.0,21701.0
869,869.0,25.0,21726.0
870,870.0,25.0,21751.0
871,871.0,25.0,21776.0
872,872.0,25.0,21801.0
873,873.0,25.0,21826.0
874,874.0,25.0,21851.0
875,875.0,25.0,21876.0
876,876.0,25.0,21901.0
877,877.0,25.0,21926.0
878,878.0,25.0,21951.0
879,879.0,25.0,21976.0
880,880.0,25.0,22001.0
881,881.0,25.0,22026.0
882,882.0,25.0,22051.0
883,883.0,25.0,22076.0
884,884.0,25.0,22101.0
885,885.0,25.0,22126.0
886,886.0,25.0,22151.0
887,887.0,25.0,22176.0
888,888.0,25.0,22201.0
889,889.0,25.0,22226.0
890,890.0,25.0,22251.0
891,891.0,25.0,22276.0
892,892.0,25.0,22301.0
893,893.0,25.0,22326.0
894,894.0,25.0,22351.0
895,895.0,25.0,22376.0
896,896.0,25.0,22401.0
897,897.0,25.0,22426.0
898,898.0,25.0,22451.0
899,899.0,25.0,22476.0
900,900.0,25.0,22501.0
901,901.0,25.0,22526.0
902,902.0,25.0,22551.0
903,903.0,25.0,22576.0
904,904.0,25.0,22601.0
905,905.0,25.0,22626.0
906,906.0,25.0,22651.0
907,907.0,25.0,22676.0
908,908.0,25.0,22701.0
909,909.0,25.0,22726.0
910,910.0,25.0,22751.0
911,911.0,25.0,22776.0
912,912.0,25.0,22801.0
913,913.0,25.0,22826.0
914,914.0,25.0,22851.0
915,915.0,25.0,22876.0
916,916.0,25.0,22901.0
917,917.0,25.0,22926.0
918,918.0,25.0,22951.0
919,919.0,25.0,22976.0
920,920.0,25.0,23001.0
921,921.0,25.0,23026.0
922,922.0,25.0,23051.0
923,923.0,25.0,23076.0
924,924.0,25.0,23101.0
925,925.0,25.0,23126.0
926,926.0,25.0,23151.0
927,927.0,25.0,23176.0
928,928.0,25.0,23201.0
929,929.0,25.0,23226.0
930,930.0,25.0,23251.0
931,931.0,25.0,23276.0
932,932.0,25.0,23301.0
933,933.0,25.0,23326.0
934,934.0,25.0,23351.0
935,935.0,25.0,23376.0
936,936.0,25.0,23401.0
937,937.0,25.0,23426.0
938,938.0,25.0,23451.0
939,939.0,25.0,23476.0
940,940.0,25.0,23501.0
941,941.0,25.0,23526.0
942,942.0,25.0,23551.0
943,943.0,25.0,23576.0
944,944.0,25.0,23601.0
945,945.0,25.0,23626.0
946,946.0,25.0,23651.0
947,947.0,25.0,23676.0
948,948.0,25.0,23701.0
949,949.0,25.0,23726.0
950,950.0,25.0,23751.0
951,951.0,25.0,23776.0
952,952.0,25.0,23801.0
953,953.0,25.0,23826.0
954,954.0,25.0,23851.0
955,955.0,25.0,23876.0
956,956.0,25.0,23901.0
957,957.0,25.0,23926.0
958,958.0,25.0,23951.0
959,959.0,25.0,23976.0
960,960.0,25.0,24001.0
961,961.0,25.0,24026.0
962,962.0,25.0,24051.0
963,963.0,25.0,24076.0
964,964.0,25.0,24101.0
965,965.0,25.0,24126.0
966,966.0,25.0,24151.0
967,967.0,25.0,24176.0
968,968.0,25.0,24201.0
969,969.0,25.0,24226.0
970,970.0,25.0,24251.0
971,971.0,25.0,24276.0
972,972.0,25.0,24301.0
973,973.0,25.0,24326.0
974,974.0,25.0,24351.0
975,975.0,25.0,24376.0
976,976.0,25.0,24401.0
977,977.0,25.0,24426.0
978,978.0,25.0,24451.0
979,979.0,25.0,24476.0
980,980.0,25.0,24501.0
981,981.0,25.0,24526.0
982,982.0,25.0,24551.0
983,983.0,25.0,24576.0
984,984.0,25.0,24601.0
985,985.0,25.0,24626.0
986,986.0,25.0,24651.0
987,987.0,25.0,24676.0
988,988.0,25.0,24701.0
989,989.0,25.0,24726.0
990,990.0,25.0,24751.0
991,991.0,25.0,24776.0
992,992.0,25.0,24801.0
993,993.0,25.0,24826.0
994,994.0,25.0,24851.0
995,995.0,25.0,24876.0
996,996.0,25.0,24901.0
997,997.0,25.0,24926.0
998,998.0,25.0,24951.0
999,999.0,25.0,24976.0
1000,1000.0,25.0,25001.0
1001,1001.0,25.0,25026.0
1002,1002.0,25.0,25051.0
1003,1003.0,25.0,25076.0
1004,1004.0,25.0,25101.0
1005,1005.0,25.0,25126.0
1006,1006.0,25.0,25151.0
1007,1007.0,25.0,25176.0
1008,1008.0,25.0,25201.0
1009,1009.0,25.0,25226.0
1010,1010.0,25.0,25251.0
1011,1011.0,25.0,25276.0
1012,1012.0,25.0,25301.0
1013,1013.0,25.0,25326.0
1014,1014.0,25.0,25351.0
